Daily Summary
Month/Year: 03/2015
Station Location: LA GUARDIA AIRPORT (14732)
Lat: 40.779
Lon: -73.880
Elev: 11 ft. above sea level
WBAN,YearMonthDay,Tmax,TmaxFlag,Tmin,TminFlag,Tavg,TavgFlag,Depart,DepartFlag,DewPoint,DewPointFlag,WetBulb,WetBulbFlag,Heat,HeatFlag,Cool,CoolFlag,Sunrise,SunriseFlag,Sunset,SunsetFlag,CodeSum,CodeSumFlag,Depth,DepthFlag,Water1,Water1Flag,SnowFall,SnowFallFlag,PrecipTotal,PrecipTotalFlag,StnPressure,StnPressureFlag,SeaLevel,SeaLevelFlag,ResultSpeed,ResultSpeedFlag,ResultDir,ResultDirFlag,AvgSpeed,AvgSpeedFlag,Max5Speed,Max5SpeedFlag,Max5Dir,Max5DirFlag,Max2Speed,Max2SpeedFlag,Max2Dir,Max2DirFlag
14732,20150301,30, ,24, ,27, ,-11, ,14, ,23, ,38, , 0, ,0630, ,1746, ,FZRA SN FG+ FZFG BR, ,3, ,M, ,3.5, ,0.48, ,30.53, ,30.50, , 2.8, ,19, ,4.5, ,20, ,170, ,16, ,180, 
14732,20150302,38, ,28, ,33, ,-5, ,18, ,28, ,32, , 0, ,0628, ,1747, , , ,6, ,M, ,  T, ,  T, ,30.09, ,30.16, ,14.1, ,31, ,14.7, ,40, ,320, ,31, ,310, 
14732,20150303,36, ,24, ,30, ,-8, ,18, ,26, ,35, , 0, ,0627, ,1749, ,RA SN FG+ FZFG BR, ,5, ,M, ,1.0, ,0.72, ,30.28, ,30.26, , 4.2, ,20, ,9.3, ,22, ,190, ,18, ,180, 
14732,20150304,47, ,36, ,42, , 3, ,36, ,39, ,23, , 0, ,0625, ,1750, ,RA BR HZ, ,4, ,M, ,0.0, ,0.25, ,29.80, ,29.84, , 8.0, ,22, ,8.6, ,22, ,240, ,16, ,220, 
14732,20150305,41, ,20, ,31, ,-8, ,21, ,26, ,34, , 0, ,0624, ,1751, ,RA SN FG+ FZFG BR, ,3, ,M, ,8.1, ,0.60, ,30.04, ,30.13, ,11.3, ,33, ,12.0, ,30, ,320, ,24, ,320, 
14732,20150306,28, ,15, ,22, ,-17, ,4, ,17, ,43, , 0, ,0622, ,1752, , , ,11, ,M, ,0.0, ,0.00, ,30.42, ,30.45, , 2.5, ,30, ,7.0, ,25, ,340, ,21, ,330, 
14732,20150307,39, ,20, ,30, ,-10, ,12, ,25, ,35, , 0, ,0621, ,1753, , , ,6, ,M, ,0.0, ,0.00, ,30.18, ,30.18, , 9.4, ,24, ,10.1, ,26, ,240, ,18, ,240, 
14732,20150308,49, ,35, ,42, , 2, ,24, ,35, ,23, , 0, ,0619, ,1754, , , ,5, ,M, ,0.0, ,0.00, ,30.03, ,30.07, , 6.5, ,27, ,8.4, ,33, ,330, ,25, ,340, 
14732,20150309,54, ,36, ,45, , 5, ,25, ,38, ,20, , 0, ,0617, ,1755, ,RA, ,3, ,M, ,0.0, ,0.02, ,30.11, ,30.16, , 5.9, ,27, ,6.9, ,28, ,240, ,20, ,300, 
14732,20150310,54, ,33, ,44, , 4, ,31, ,36, ,21, , 0, ,0616, ,1756, ,RA BR, ,1, ,M, ,0.0, ,0.42, ,30.19, ,30.19, , 6.2, ,06, ,6.4, ,18, ,060, ,12, ,050, 
14732,20150311,60, ,37, ,49, , 8, ,35, ,43, ,16, , 0, ,0614, ,1758, ,BR, ,  T, ,M, ,0.0, ,0.02, ,29.93, ,29.97, , 10.0, ,30, ,10.8, ,32, ,300, ,24, ,310, 
14732,20150312,47, ,37, ,42, , 1, ,9, ,32, ,23, , 0, ,0613, ,1759, , , ,0, ,M, ,0.0, ,0.00, ,30.30, ,30.39, ,17.6, ,33, ,18.0, ,46, ,350, ,32, ,340, 
14732,20150313,43, ,31, ,37, ,-4, ,14, ,30, ,28, , 0, ,0611, ,1760, , , ,0, ,M, ,0.0, ,0.00, ,30.53, ,30.54, , 3.4, ,14, ,9.5, ,22, ,170, ,17, ,170, 
14732,20150314,51, ,37, ,44, , 2, ,41, ,44, ,21, , 0, ,0609, ,1801, ,RA DZ BR, ,0, ,M, ,0.0, ,1.02, ,29.99, ,29.96, , 5.3, ,21, ,8.1, ,22, ,300, ,16, ,300, 
14732,20150315,47, ,37, ,42, , 0, ,28, ,36, ,23, , 0, ,0608, ,1802, ,RA, ,0, ,M, ,0.0, ,  T, ,29.75, ,29.81, ,17.8, ,31, ,18.4, ,46, ,320, ,33, ,320, 
14732,20150316,51, ,36, ,44, , 2, ,27, ,36, ,21, , 0, ,0606, ,1803, , , ,0, ,M, ,0.0, ,0.00, ,29.91, ,29.92, , 3.4, ,28, ,7.1, ,22, ,320, ,18, ,310, 
14732,20150317,54, ,34, ,44, , 1, ,29, ,39, ,21, , 0, ,0604, ,1804, ,RA, ,0, ,M, ,0.0, ,0.01, ,29.64, ,29.69, ,15.7, ,31, ,17.6, ,51, ,310, ,38, ,310, 
14732,20150318,38, ,28, ,33, ,-10, ,12, ,26, ,32, , 0, ,0603, ,1805, ,SN, ,0, ,M, ,  T, ,  T, ,29.99, ,30.05, ,18.0, ,32, ,18.7, ,40, ,320, ,32, ,320, 
14732,20150319,42, ,29, ,36, ,-7, ,7, ,27, ,29, , 0, ,0601, ,1806, , , ,0, ,M, ,0.0, ,0.00, ,30.24, ,30.29, ,11.0, ,32, ,11.9, ,26, ,320, ,21, ,320, 
14732,20150320,38, ,29, ,34, ,-9, ,19, ,28, ,31, , 0, ,0559, ,1807, ,FZDZ SN FG+ FZFG BR, ,0, ,M, ,4.6, ,0.28, ,30.24, ,30.26, ,10.5, ,06, ,11.2, ,28, ,060, ,21, ,040, 
14732,20150321,48, ,29, ,39, ,-5, ,30, ,35, ,26, , 0, ,0558, ,1808, ,FZDZ SN BR HZ, ,4, ,M, ,0.1, ,0.01, ,29.98, ,29.99, , 5.2, ,29, ,7.7, ,30, ,310, ,24, ,300, 
14732,20150322,44, ,28, ,36, ,-8, ,13, ,29, ,29, , 0, ,0556, ,1809, , , ,0, ,M, ,0.0, ,0.00, ,29.99, ,30.05, ,15.5, ,31, ,16.1, ,31, ,300, ,24, ,330, 
14732,20150323,38, ,24, ,31, ,-13, ,7, ,24, ,34, , 0, ,0554, ,1810, , , ,0, ,M, ,0.0, ,0.00, ,30.18, ,30.22, ,13.2, ,32, ,13.8, ,30, ,320, ,24, ,320, 
14732,20150324,44, ,26, ,35, ,-10, ,12, ,28, ,30, , 0, ,0553, ,1812, , , ,0, ,M, ,0.0, ,0.00, ,30.28, ,30.33, , 3.7, ,01, ,6.2, ,17, ,360, ,14, ,360, 
14732,20150325,48, ,32, ,40, ,-5, ,27, ,35, ,25, , 0, ,0551, ,1813, ,RA DZ BR, ,0, ,M, ,0.0, ,0.05, ,30.32, ,30.32, , 5.7, ,15, ,7.4, ,24, ,190, ,21, ,160, 
14732,20150326,57, ,38, ,48, , 3, ,44, ,46, ,17, , 0, ,0549, ,1814, ,RA BR HZ, ,0, ,M, ,0.0, ,0.24, ,29.83, ,29.82, , 1.0, ,14, ,6.7, ,22, ,360, ,18, ,350, 
14732,20150327,46, ,40, ,43, ,-3, ,32, ,39, ,22, , 0, ,0548, ,1815, ,RA, ,0, ,M, ,0.0, ,0.28, ,29.70, ,29.74, , 8.2, ,34, ,8.6, ,28, ,310, ,22, ,320, 
14732,20150328,41, ,27, ,34, ,-12, ,22, ,30, ,31, , 0, ,0546, ,1816, ,SN, ,0, ,M, ,  T, ,  T, ,29.82, ,29.88, ,13.8, ,34, ,14.3, ,31, ,320, ,24, ,330, 
14732,20150329,46, ,27, ,37, ,-9, ,9, ,28, ,28, , 0, ,0545, ,1817, , , ,0, ,M, ,0.0, ,0.00, ,30.16, ,30.19, , 6.4, ,31, ,10.2, ,23, ,330, ,18, ,330, 
14732,20150330,55, ,34, ,45, ,-2, ,25, ,37, ,20, , 0, ,0543, ,1818, ,SN, ,0, ,M, ,  T, ,  T, ,29.85, ,29.87, ,10.6, ,26, ,13.8, ,39, ,320, ,28, ,300, 
14732,20150331,47, ,36, ,42, ,-5, ,29, ,36, ,23, , 0, ,0541, ,1819, ,RA BR, ,0, ,M, ,  T, ,0.14, ,29.79, ,29.82, , 6.2, ,31, ,9.0, ,24, ,290, ,17, ,270, 
14732,201503,-4.6, ,30.5, ,-4.1, ,37.9, ,-4.3, ,21.7, ,32.3, ,26.9, ,0.0, ,834, ,127, ,0, ,0, ,4556, ,420, ,0, ,0, ,M, ,17.3, ,4.54, ,0.57, ,30.06, ,30.10, ,6.0, ,31, ,10.7, ,1.02, ,14, ,8.1, ,05, ,1, ,06, ,30.71, ,01, ,0151, ,29.55, ,17, ,1051, ,0, ,2, ,17, ,0, ,15, ,10, ,0, ,4, ,4, 
HDD monthly total:,834, 
HDD monthly departure:,127, 
HDD Season to date total:,4556, 
HDD Season to date departure:,420, 
CDD monthly total:,0, 
CDD monthly departure:,0, 
CDD Season to date total:,0, 
CDD Season to date departure:,0, 
greatest 24-hr precipitation:,1.02, 
greatest 24-hr precipitation date:,14, 
greatest 24-hr snowfall:,8.1, 
greatest 24-hr snowfall date:,05, 
greatest snow depth:,1, 
greatest snow depth date:,06, 
sea level pressure max:,30.71, 
sea level pressure max date:,01, 
sea level pressure max time:,0151, 
sea level pressure min:,29.55, 
sea level pressure min date:,17, 
sea level pressure min time:,1051, 
number of days with max temp >= 90:,0, 
number of days with max temp <= 32:,2, 
number of days with thunderstorms:,0, 
number of days with min temp <= 32:,17, 
number of days with min temp <= 0:,0, 
number of days with heavy fog:,4, 
number of days with precipitation >= .01 inch:,15, 
number of days with precipition >= .10 inch:,10, 
number of days snowfall >= 1.0 inch:,4, 

